   1.0000000e-05
   1.0000000e-04
   1.0000000e-03
   1.0000000e-02
   2.0000000e-02
   3.0000000e-02
   4.0000000e-02
   5.0000000e-02
   1.0000000e-01
   1.5000000e-01
   2.0000000e-01
   2.5000000e-01
   3.0000000e-01
   3.5000000e-01
   4.0000000e-01
   4.5000000e-01
   5.0000000e-01
   6.0000000e-01
   7.0000000e-01
   8.0000000e-01
   9.0000000e-01
   1.0000000e+00
   1.1100000e+00
   1.3140000e+00
   1.5370000e+00
   1.7820000e+00
   2.0500000e+00
   2.3440000e+00
   2.6670000e+00
   3.0210000e+00
   3.4090000e+00
   3.8340000e+00
   4.3010000e+00
   4.8120000e+00
   5.3730000e+00
   5.9870000e+00
   6.6620000e+00
   7.4010000e+00
   8.2110000e+00
   9.1000000e+00
   1.0074000e+01
   1.1143000e+01
   1.2314000e+01
   1.3599000e+01
   1.5007000e+01
   1.6552000e+01
   1.8245000e+01
   2.0102000e+01
   2.2138000e+01
   2.4370000e+01
   2.6818000e+01
   2.9502000e+01
   3.2444000e+01
   3.5671000e+01
   3.9209000e+01
   4.3088000e+01
   4.7342000e+01
   5.2006000e+01
   5.7119000e+01
   6.2727000e+01
   6.8875000e+01
   7.5616000e+01
   8.3008000e+01
   9.1113000e+01
   1.0000000e+02
